255 255 255 255 255 255 255 255 255 255 255 255 255 255 255 255
255 255 255 255 255 255 255 255 255 255 255 255 255 255 255 255
255 255 255 255 255 255 255 255 255 255 255 255 255 255 255 255
255 255 255 255 255 255   0   0   0   0 255 255 255 255 255 255
255 255 255 255 255   0   0   0   0   0   0 255 255 255 255 255
255 255 255 255 255   0   0 255 255  14 255 255 255 255 255 255
255 255 255 255 255   0   0 243 255 255 122   1 255 255 255 255
255 255 255 255 255   0 255 255 255 255 255 253 255 255 255 255
255 255 231   0 255   0 255 255 255 255 255 255 255 255 255 255
255 255 255 255 255   0 244 255 255 255 255 255 255 255 255 255
255 255 255 255 255   0   0 255 255   1   0 255 255 255 255 255
255 255 255 255 255   0   0   0   0   0   0 255 255 255 255 255
255 255 255 255 255 255   0   0   0   0 255 255 255 255 255 255
255 255 255 255 255 255 255 255 255 255 255 255 255 255 255 255
255 255 255 255 255 255 255 255 255 255 255 255 255 255 255 255
255 255 255 255 255 255 255 255 255 255 255 255 255 255 255 255
255 255 255 255 255 255 255 255 255 255 255 255 255 255 255 255
255 255 255 255 255 255 255 255 255 255 255 255 255 255 255 255
255 255 255 255 255 255 255 255 255 255 255 255 255 255 255 255
255 255 255 255 255 255 255 255 255 255 255 255 255 255 255 255
255 255 255 255 255  72 255 255 255 255 255 255 255 255 255 255
255 255 255 255 255 255 255 255 255  14 255 255 255 255 255 255
255 255 255 255 255 255   0 243 255 255 122   1 255 255 255 255
255 255 255 255 255 255 255 255 255 255 255 253 255 255 255 255
255 255 231   0 255 255 255 255 255 255 255 255 255 255 255 255
255 255 255 255 255 255 244 255 255 255 255 255 255 255 255 255
255 255 255 255 255 255 255 255 255 240 241 255 255 255 255 255
255 255 255 255 255   0 255 255 255 255 255 255 255 255 255 255
255 255 255 255 255 255 191 255 255 255 255 255 255 255 255 255
255 255 255 255 255 255 255 255 255 255 255 255 255 255 255 255
255 255 255 255 255 255 255 255 255 255 255 255 255 255 255 255
255 255 255 255 255 255 255 255 255 255 255 255 255 255 255 255
255 255 255 255 255 255 255 255 255 255 255 255 255 255 255 255
255 255 255 255 255 255 255 255 255 255 255 255 255 255 255 255
255 255 255 255 255 255 255 255 255 255 255 255 255 255 255 255
255 255 255 255 255 255 234 234 234 234 255 255 255 255 255 255
255 255 255 255 255  65 234 234 234 234 234 255 255 255 255 255
255 255 255 255 255 234 234 255 255  14 255 255 255 255 255 255
255 255 255 255 255 234   0 243 255 255 122   1 255 255 255 255
255 255 255 255 255 234 255 255 255 255 255 253 255 255 255 255
255 255 231   0 255 234 255 255 255 255 255 255 255 255 255 255
255 255 255 255 255 234 244 255 255 255 255 255 255 255 255 255
255 255 255 255 255 234 234 255 255 223 221 255 255 255 255 255
255 255 255 255 255   0 234 234 234 234 234 255 255 255 255 255
255 255 255 255 255 255 175 234 234 234 255 255 255 255 255 255
255 255 255 255 255 255 255 255 255 255 255 255 255 255 255 255
255 255 255 255 255 255 255 255 255 255 255 255 255 255 255 255
255 255 255 255 255 255 255 255 255 255 255 255 255 255 255 255

255 255 255 255 255 255 255 255 255 255 255 255 255 255 255 255
255 255 255 255 255 255 255 255 255 255 255 255 255 255 255 255
255 255 255 255 255 255 255 255 255 255 255 255 255 255 255 255
255 255 255 255 255 254 253 251 253 254 255 255 255 255 255 255
255 255 255 255 213 178 167 172 167 207 184 233 254 255 255 255
255 255 253 150  11 135 190 189 217 232  80   6 194 253 255 255
255 255 208  23   7 129 245 245 248 236  98   3  25 211 255 255
255 255 154  11  23 175 208 252 254 254 234  27  11 150 255 255
255 255 183  17  15 145 199 249 255 254 199  20  15 173 255 255
255 255 244  47   0  13  93 183 196 145  33   0  45 237 255 255
255 255 254 240  73   2   0   0   0   0   3  77 238 254 255 255
255 255 255 255 252 214 172 150 117 174 218 252 255 255 255 255
255 255 255 255 255 255 255 228 169 245 255 255 255 255 255 255
255 255 255 255 255 255 255 255 193 214 255 255 255 255 255 255
255 255 255 255 255 255 255 255 254 254 255 255 255 255 255 255
255 255 255 255 255 255 255 255 255 255 255 255 255 255 255 255
255 255 255 255 255 255 255 255 255 255 255 255 255 255 255 255
255 255 255 255 255 255 255 255 255 255 255 255 255 255 255 255
255 255 255 255 255 255 255 255 255 255 255 255 255 255 255 255
255 255 255 255 255 254 253 251 253 254 255 255 255 255 255 255
255 255 255 255 226 192 167 172 167 210 219 240 254 255 255 255
255 255 253 203 236 195 190 189 217 236 232 227 217 253 255 255
255 255 230 246 245 201 245 245 248 240 214 249 238 226 255 255
255 255 212 246 246 187 208 252 254 254 243 247 243 199 255 255
255 255 220 247 246 188 199 249 255 254 230 248 245 209 255 255
255 255 248 227 253 223 182 218 232 221 235 253 218 242 255 255
255 255 254 246 203 234 231 234 249 253 245 189 244 254 255 255
255 255 255 255 252 237 226 194 195 238 237 253 255 255 255 255
255 255 255 255 255 255 255 228 169 245 255 255 255 255 255 255
255 255 255 255 255 255 255 255 193 214 255 255 255 255 255 255
255 255 255 255 255 255 255 255 254 254 255 255 255 255 255 255
255 255 255 255 255 255 255 255 255 255 255 255 255 255 255 255
255 255 255 255 255 255 255 255 255 255 255 255 255 255 255 255
255 255 255 255 255 255 255 255 255 255 255 255 255 255 255 255
255 255 255 255 255 255 255 255 255 255 255 255 255 255 255 255
255 255 255 255 255 254 253 251 253 254 255 255 255 255 255 255
255 255 255 255 225 191 167 172 167 209 216 240 254 255 255 255
255 255 253 199 218 190 190 189 217 236 219 208 215 253 255 255
255 255 228 228 225 195 245 245 248 240 204 228 220 225 255 255
255 255 207 227 228 186 208 252 254 254 242 229 224 195 255 255
255 255 217 228 227 185 199 249 255 254 228 229 226 206 255 255
255 255 247 213 232 206 175 215 228 214 218 232 204 242 255 255
255 255 254 246 192 214 211 215 229 232 225 180 243 254 255 255
255 255 255 255 252 235 222 190 189 233 236 253 255 255 255 255
255 255 255 255 255 255 255 228 169 245 255 255 255 255 255 255
255 255 255 255 255 255 255 255 193 214 255 255 255 255 255 255
255 255 255 255 255 255 255 255 254 254 255 255 255 255 255 255
255 255 255 255 255 255 255 255 255 255 255 255 255 255 255 255

255 255 255 255 255 255 255 255 255 255 255 255 255 255 255 255
255 255 255 255 255 255 255 255 255 255 255 255 255 255 255 255
255 255 255 255 255 252 209 150 173 239 254 255 255 255 255 255
255 255 255 255 254 183  24  11  15  52 245 255 255 255 255 255
255 255 255 255 233   5   4  27  20   0  83 253 255 255 255 255
255 255 255 255 184  77 102 234 199  30   3 224 255 255 255 255
255 255 255 254 207 228 240 254 254 134   0 187 244 217 254 255
255 255 255 253 167 216 251 254 255 183   0 127 172 198 254 255
255 255 255 251 172 188 249 252 249 170   0 163 230 255 255 255
255 255 255 253 167 190 248 208 199  86   0 185 255 255 255 255
255 255 255 254 178 131 132 175 145  12   2 221 255 255 255 255
255 255 255 255 213  10   8  23  15   0  78 252 255 255 255 255
255 255 255 255 255 141  22  11  17  54 247 255 255 255 255 255
255 255 255 255 255 252 205 154 183 245 254 255 255 255 255 255
255 255 255 255 255 255 255 255 255 255 255 255 255 255 255 255
255 255 255 255 255 255 255 255 255 255 255 255 255 255 255 255
255 255 255 255 255 255 255 255 255 255 255 255 255 255 255 255
255 255 255 255 255 255 255 255 255 255 255 255 255 255 255 255
255 255 255 255 255 252 225 199 209 243 254 255 255 255 255 255
255 255 255 255 254 215 241 243 245 216 248 255 255 255 255 255
255 255 255 255 240 229 248 247 248 253 185 253 255 255 255 255
255 255 255 255 219 230 214 243 230 236 245 240 255 255 255 255
255 255 255 254 210 233 243 254 254 223 254 241 244 217 254 255
255 255 255 253 167 216 251 254 255 231 251 193 172 198 254 255
255 255 255 251 172 188 249 252 249 216 237 200 230 255 255 255
255 255 255 253 167 191 248 208 199 184 232 231 255 255 255 255
255 255 255 254 192 194 202 187 188 224 233 240 255 255 255 255
255 255 255 255 226 237 245 246 246 253 199 253 255 255 255 255
255 255 255 255 255 205 247 246 247 225 250 255 255 255 255 255
255 255 255 255 255 253 228 212 220 248 254 255 255 255 255 255
255 255 255 255 255 255 255 255 255 255 255 255 255 255 255 255
255 255 255 255 255 255 255 255 255 255 255 255 255 255 255 255
255 255 255 255 255 255 255 255 255 255 255 255 255 255 255 255
255 255 255 255 255 255 255 255 255 255 255 255 255 255 255 255
255 255 255 255 255 252 224 195 206 243 254 255 255 255 255 255
255 255 255 255 254 212 223 224 226 202 248 255 255 255 255 255
255 255 255 255 240 210 228 229 229 232 176 253 255 255 255 255
255 255 255 255 216 217 205 242 228 219 224 239 255 255 255 255
255 255 255 254 209 233 243 254 254 215 233 237 244 217 254 255
255 255 255 253 167 216 251 254 255 227 230 187 172 198 254 255
255 255 255 251 172 188 249 252 249 212 218 197 230 255 255 255
255 255 255 253 167 191 248 208 199 176 212 227 255 255 255 255
255 255 255 254 191 189 196 186 185 207 213 238 255 255 255 255
255 255 255 255 225 218 225 228 227 232 189 253 255 255 255 255
255 255 255 255 255 200 228 227 228 212 250 255 255 255 255 255
255 255 255 255 255 253 226 207 217 248 254 255 255 255 255 255
255 255 255 255 255 255 255 255 255 255 255 255 255 255 255 255
255 255 255 255 255 255 255 255 255 255 255 255 255 255 255 255

255 255 255 255 255 255 255 255 255 255 255 255 255 255 255 255
255 255 255 255 255 255 254 254 255 255 255 255 255 255 255 255
255 255 255 255 255 255 217 198 255 255 255 255 255 255 255 255
255 255 255 255 255 255 244 172 230 255 255 255 255 255 255 255
255 255 255 255 253 224 187 127 163 185 221 252 255 255 255 255
255 255 254 245  83   3   0   0   0   0   2  78 247 254 255 255
255 255 239  52   0  30 134 183 170  86  12   0  54 245 255 255
255 255 173  15  20 199 254 255 249 199 145  15  17 183 255 255
255 255 150  11  27 234 254 254 252 208 175  23  11 154 255 255
255 255 209  24   4 102 240 251 249 248 132   8  22 205 255 255
255 255 252 183   5  77 228 216 188 190 131  10 141 252 255 255
255 255 255 254 233 184 207 167 172 167 178 213 255 255 255 255
255 255 255 255 255 255 254 253 251 253 254 255 255 255 255 255
255 255 255 255 255 255 255 255 255 255 255 255 255 255 255 255
255 255 255 255 255 255 255 255 255 255 255 255 255 255 255 255
255 255 255 255 255 255 255 255 255 255 255 255 255 255 255 255
255 255 255 255 255 255 255 255 255 255 255 255 255 255 255 255
255 255 255 255 255 255 254 254 255 255 255 255 255 255 255 255
255 255 255 255 255 255 217 198 255 255 255 255 255 255 255 255
255 255 255 255 255 255 244 172 230 255 255 255 255 255 255 255
255 255 255 255 253 240 241 193 200 231 240 253 255 255 255 255
255 255 254 248 185 245 254 251 237 232 233 199 250 254 255 255
255 255 243 216 253 236 223 231 216 184 224 253 225 248 255 255
255 255 209 245 248 230 254 255 249 199 188 246 247 220 255 255
255 255 199 243 247 243 254 254 252 208 187 246 246 212 255 255
255 255 225 241 248 214 243 251 249 248 202 245 247 228 255 255
255 255 252 215 229 230 233 216 188 191 194 237 205 253 255 255
255 255 255 254 240 219 210 167 172 167 192 226 255 255 255 255
255 255 255 255 255 255 254 253 251 253 254 255 255 255 255 255
255 255 255 255 255 255 255 255 255 255 255 255 255 255 255 255
255 255 255 255 255 255 255 255 255 255 255 255 255 255 255 255
255 255 255 255 255 255 255 255 255 255 255 255 255 255 255 255
255 255 255 255 255 255 255 255 255 255 255 255 255 255 255 255
255 255 255 255 255 255 254 254 255 255 255 255 255 255 255 255
255 255 255 255 255 255 217 198 255 255 255 255 255 255 255 255
255 255 255 255 255 255 244 172 230 255 255 255 255 255 255 255
255 255 255 255 253 239 237 187 197 227 238 253 255 255 255 255
255 255 254 248 176 224 233 230 218 212 213 189 250 254 255 255
255 255 243 202 232 219 215 227 212 176 207 232 212 248 255 255
255 255 206 226 229 228 254 255 249 199 185 227 228 217 255 255
255 255 195 224 229 242 254 254 252 208 186 228 227 207 255 255
255 255 224 223 228 205 243 251 249 248 196 225 228 226 255 255
255 255 252 212 210 217 233 216 188 191 189 218 200 253 255 255
255 255 255 254 240 216 209 167 172 167 191 225 255 255 255 255
255 255 255 255 255 255 254 253 251 253 254 255 255 255 255 255
255 255 255 255 255 255 255 255 255 255 255 255 255 255 255 255
255 255 255 255 255 255 255 255 255 255 255 255 255 255 255 255
255 255 255 255 255 255 255 255 255 255 255 255 255 255 255 255
